0.764768129474
             precision    recall  f1-score   support

         配件       0.62      0.89      0.73       344
     CD DVD       0.97      1.00      0.99        37
         T恤       0.85      0.53      0.65       531
        上下床       1.00      1.00      1.00         5
         上衣       0.12      1.00      0.21         2
       个人用品       0.50      1.00      0.67         2
         乐器       0.91      1.00      0.95        49
         书包       0.29      1.00      0.45         5
         书架       1.00      1.00      1.00         1
         书柜       0.44      1.00      0.62         4
         书画       0.85      1.00      0.92        40
         书籍       0.98      0.98      0.98        90
       二手整车       0.73      0.95      0.83        20
       休闲娱乐       0.84      0.97      0.90        33
        体重秤       1.00      1.00      1.00         1
     保健美容设备       0.68      0.98      0.80        42
        储物柜       0.67      1.00      0.80         2
     儿童 幼儿椅       1.00      1.00      1.00         3
     儿童安全座椅       0.80      1.00      0.89         4
        儿童床       0.20      1.00      0.33         2
        儿童椅       1.00      1.00      1.00         1
       儿童餐椅       1.00      1.00      1.00         4
         其他       1.00      0.70      0.82      1235
       其他上衣       0.94      0.48      0.63       852
     其他儿童用品       0.41      0.88      0.56        43
       其他卫浴       0.89      0.89      0.89         9
     其他哺乳用品       0.80      1.00      0.89         4
      其他大家电       0.72      0.91      0.80        58
     其他妈妈用品       0.63      0.91      0.75        58
     其他婴儿用品       0.94      0.90      0.92       108
       其他家具       1.00      1.00      1.00         1
     其他床上用品       0.82      0.96      0.88        24
     其他按摩保健       0.94      0.88      0.91        93
       其他架子       1.00      1.00      1.00         1
       其他桌子       0.50      1.00      0.67         2
       其他椅子       1.00      0.86      0.92         7
     其他装饰摆设       0.88      0.86      0.87        87
        其它镜       0.43      1.00      0.60         6
        写字台       1.00      1.00      1.00         2
         冰箱       0.92      1.00      0.96        22
         凉席       1.00      1.00      1.00         2
       凉鞋拖鞋       0.54      0.93      0.68       124
         凳子       1.00      1.00      1.00         1
        办公桌       0.20      1.00      0.33         3
        办公椅       1.00      1.00      1.00         1
        十字绣       0.91      0.95      0.93        22
        半身裙       0.59      0.89      0.71       283
        单人床       0.64      1.00      0.78         7
       单反镜头       0.50      1.00      0.67        13
        单肩包       0.32      1.00      0.48        35
         单鞋       0.91      0.66      0.77       301
         卫衣       0.50      0.78      0.61       171
       厨房电器       0.88      0.93      0.90        95
        双人床       0.71      1.00      0.83        20
        双肩包       0.56      0.79      0.65       138
         古玩       0.74      0.95      0.83       113
        台式机       0.77      0.96      0.85        51
      台式机配件       0.74      0.89      0.81        47
         吧椅       1.00      1.00      1.00         1
        吸奶器       0.88      1.00      0.93         7
        哺乳枕       1.00      1.00      1.00         3
         围巾       0.71      1.00      0.83        44
         地毯       1.00      1.00      1.00         2
        培训桌       1.00      1.00      1.00         1
         壁炉       1.00      1.00      1.00         2
      奶瓶 奶嘴       0.41      1.00      0.58        21
         奶粉       1.00      0.61      0.75        38
         婚纱       0.54      0.91      0.68        70
     婴儿床 摇篮       0.73      0.62      0.67        13
       婴儿护肤       0.55      1.00      0.71         6
       婴儿浴盆       0.38      1.00      0.55         3
      婴儿纪念品       1.00      1.00      1.00         1
       婴儿背带       1.00      1.00      1.00         4
        婴儿车       0.91      0.59      0.72        49
     婴儿运动器材       1.00      1.00      1.00         3
       婴儿食品       0.38      1.00      0.56        10
        子母床       1.00      1.00      1.00         1
        孕妇装       0.25      1.00      0.40        32
        学步车       0.83      1.00      0.91         5
        学生桌       1.00      0.75      0.86         4
         宠物       0.96      0.94      0.95        77
       宠物用品       0.78      1.00      0.88        36
       宠物食品       1.00      1.00      1.00        10
       少儿图书       1.00      1.00      1.00         1
    尿不湿 纸尿裤       0.77      1.00      0.87        33
         屏风       1.00      1.00      1.00         2
         展柜       1.00      1.00      1.00         1
        帆布鞋       0.40      0.96      0.57        73
         帐篷       1.00      1.00      1.00         1
         帽子       0.71      0.90      0.79        51
       平板电脑       0.78      0.99      0.87        93
         床单       0.86      1.00      0.92         6
        床头柜       1.00      1.00      1.00         3
         床铃       1.00      1.00      1.00         1
         彩妆       0.87      0.93      0.90       520
         戒指       0.82      0.82      0.82        73
     手提包手拿包       0.31      0.97      0.48        40
      手提手拿包       0.93      0.61      0.74       422
         手机       1.00      0.72      0.84      1045
       手机配件       0.14      1.00      0.24         3
         手表       0.94      0.94      0.94       286
         手链       0.87      0.79      0.83       178
        扶手椅       1.00      1.00      1.00         1
        折叠床       1.00      1.00      1.00         2
        折叠桌       0.60      1.00      0.75         3
        折叠椅       0.40      1.00      0.57         2
    折扣券 购物卡       0.88      1.00      0.94        22
     拐杖 助行器       1.00      1.00      1.00         3
         拖鞋       1.00      1.00      1.00         1
         拼图       0.67      1.00      0.80         2
        摄像机       0.77      0.92      0.84        26
         摆件       0.57      0.81      0.67        37
        摇摇车       1.00      1.00      1.00         1
         摇椅       1.00      1.00      1.00         1
         摇铃       1.00      1.00      1.00         1
     摩托 电动车       0.92      0.88      0.90        77
    摩托 电动配件       0.76      1.00      0.86        16
   收腹带 骨盆矫正       0.82      1.00      0.90         9
        收藏品       0.93      0.82      0.87       185
       数码单反       0.61      0.86      0.71        50
         文具       0.73      0.98      0.83        41
        斜挎包       0.84      0.73      0.78       387
        旅行箱       0.57      1.00      0.72        26
        早教机       1.00      1.00      1.00         2
        显示器       0.83      0.95      0.89        21
     普通数码相机       0.64      0.82      0.72        67
        晾衣架       0.50      0.67      0.57         3
    暖奶器 调奶器       1.00      1.00      1.00         1
       期刊杂志       1.00      1.00      1.00         6
         杯子       0.86      0.95      0.90        60
         枕头       0.88      1.00      0.93         7
         柜台       0.67      1.00      0.80         2
        梳妆台       0.80      1.00      0.89         4
         梳子       0.75      1.00      0.86         3
         橱柜       0.40      1.00      0.57         2
         毛巾       0.50      1.00      0.67         7
      毛衣针织衫       0.74      0.58      0.65       357
         毯子       0.75      1.00      0.86         3
        水族箱       1.00      1.00      1.00         1
       汽车配件       0.92      1.00      0.96        11
        沙发床       0.88      0.88      0.88         8
        洗衣机       0.84      1.00      0.91        21
         浴霸       1.00      1.00      1.00         1
     消毒锅 奶锅       0.67      1.00      0.80         2
        滑板车       1.00      1.00      1.00         1
       演出赛事       1.00      1.00      1.00         9
        点读机       1.00      1.00      1.00         1
         牙具       1.00      1.00      1.00         9
         牙胶       0.67      1.00      0.80         2
        牛仔裤       0.64      0.82      0.72       228
         玉石       0.40      0.92      0.56        38
         玩具       0.92      0.91      0.91        65
      生活小家电       0.96      0.77      0.86       281
       生活服务       0.79      0.81      0.80        72
       生活用品       0.81      0.14      0.23        95
       生活票务       0.28      1.00      0.44        33
        电影票       1.00      1.00      1.00         5
      电脑及配件       0.25      1.00      0.40         4
        电脑桌       1.00      0.67      0.80         3
        电脑椅       0.67      1.00      0.80         2
        电视机       0.89      1.00      0.94        16
        电视柜       1.00      1.00      1.00         3
         男包       1.00      1.00      1.00         1
         画板       1.00      1.00      1.00         2
       皮衣皮草       0.42      0.94      0.59        71
         皮鞋       0.74      0.85      0.79       144
      盆景 盆栽       0.83      0.83      0.83        12
         相框       1.00      1.00      1.00         1
         眼镜       0.87      0.93      0.90       123
         空调       1.00      0.91      0.95        11
        穿衣镜       1.00      1.00      1.00         1
         窗帘       0.62      1.00      0.76         8
         童装       0.30      0.97      0.46       107
         童车       0.41      0.91      0.56        22
      笔记本电脑       0.92      0.79      0.85       213
      笔记本配件       0.45      1.00      0.62        34
       网络设备       0.99      0.86      0.92        86
        置物架       0.27      1.00      0.42         4
       美发护发       0.79      1.00      0.88        57
       美容工具       0.56      0.87      0.68        68
       美容护肤       0.99      0.86      0.92       915
      羽绒服棉服       0.63      0.73      0.67       164
         翡翠       0.67      0.98      0.79        47
     耳机HIFI       0.75      0.85      0.80        60
       胶片相机       0.57      1.00      0.72        13
        自行车       0.94      0.83      0.88        78
         花盆       0.18      1.00      0.31         2
         茶几       0.88      0.78      0.82         9
         藤椅       1.00      1.00      1.00         3
         蚊帐       1.00      1.00      1.00         2
        血压计       1.00      1.00      1.00         2
         衣柜       0.25      0.71      0.38        21
         衬衫       0.59      0.81      0.68       261
         袜子       0.36      1.00      0.53        18
         被褥       1.00      0.88      0.93         8
         裤子       0.83      0.69      0.75       370
        计步器       1.00      1.00      1.00         1
         货架       0.20      1.00      0.33         3
         躺椅       1.00      1.00      1.00         2
         转椅       1.00      1.00      1.00         1
         轮椅       1.00      1.00      1.00         2
       运动器材       0.83      0.96      0.89        26
        运动鞋       0.97      0.77      0.86       363
        连衣裙       0.99      0.46      0.63       995
         配饰       0.24      1.00      0.38         4
         钟钟       0.67      1.00      0.80         4
         钱包       0.78      0.77      0.78       166
         钻石       0.39      0.93      0.55        15
         门窗       1.00      0.50      0.67         2
       防辐射服       1.00      1.00      1.00         9
      雕刻 根雕       0.50      1.00      0.67        10
       雨具阳伞       0.83      1.00      0.91        15
         鞋柜       0.80      1.00      0.89         4
         项链       0.84      0.76      0.80       238
         风衣       0.53      0.88      0.66       172
         餐桌       1.00      0.87      0.93        15
         餐椅       0.50      1.00      0.67         3
       餐饮美食       0.92      0.98      0.95        57
         香水       0.85      0.93      0.89       113
         马桶       1.00      1.00      1.00         4
         鱼缸       0.88      1.00      0.93         7
         黄金       0.27      0.90      0.42        10
         龙头       1.00      1.00      1.00         1

avg / total       0.84      0.76      0.77     16065
